00100100120000
00100200100000
00100300090000
00100400090000
00100500080000
00100600080000
00100700060000
00100800060000
00100900060000
00101000060000
00101100050000
00101200040000
00101300040000
00101400030000
00101500020000
00101600010000
00101700005000
00101800005000
00200100069465
00200200069454
00200300068034
00200400068495
00200500075016
00200600089944
00200700092400
00200800083388
00200900076063
00201000059536
00201100047649
00201200044041
00201300042326
00201400038570
00201500029660
00201600022127
00201700013595
00201800010237
00300100080000
00300200070000
00300300070000
00300400070000
00300500070000
00300600070000
00300700070000
00300800070000
00300900070000
00301000070000
00301100070000
00301200060000
00301300050000
00301400040000
00301500030000
00301600020000
00301700010000
00301800010000
00400100066235
00400200067985
00400300067716
00400400067841
00400500067761
00400600072914
00400700087030
00400800088510
00400900080055
00401000071847
00401100055812
00401200044869
00401300040705
00401400037858
00401500032589
00401600023232
00401700015424
00401800011617
14000100080061
14000200081147
14000300089208
14000400093670
14000500088007
14000600084277
14000700077789
14000800072495
14000900066742
14001000062697
14001100055114
14001200044383
14001300035911
14001400028911
14001500019515
14001600011422
14001700005881
14001800002770
15000100107258
15000200087591
15000300073785
15000400070450
15000500076191
15000600081237
15000700076425
15000800074629
15000900067712
15001000060190
15001100054893
15001200048011
15001300040210
15001400033199
15001500022641
15001600014283
15001700007467
15001800003828
16000100113320
16000200104235
16000300093538
16000400073717
16000500060231
16000600060612
16000700066635
16000800069601
16000900064689
16001000060670
16001100053568
16001200047009
16001300039830
16001400034897
16001500026427
16001600017028
16001700008811
16001800005182
17000100084416
17000200098204
17000300102304
17000400093845
17000500080561
17000600066320
17000700056249
17000800054656
17000900058958
17001000059622
17001100054643
17001200049077
17001300042403
17001400034406
17001500026789
17001600018871
17001700011241
17001800007435
18000100072163
18000200073716
18000300080523
18000400093439
18000500094103
18000600086168
18000700077516
18000800061644
18000900051510
18001000048951
18001100051689
18001200051271
18001300044528
18001400038767
18001500030008
18001600021160
18001700012956
18001800009888
19000100073799
19000200072772
19000300068812
19000400071384
19000500076476
19000600085694
19000700087905
19000800080267
19000900070829
19001000055778
19001100045638
19001200042345
19001300042685
19001400040657
19001500032145
19001600024612
19001700015817
19001800012385
20000100069135
20000200072533
20000300073032
20000400072169
20000500066478
20000600064529
20000700071044
20000800080762
20000900081851
20001000072118
20001100062716
20001200048454
20001300038793
20001400034264
20001500031773
20001600026999
20001700017842
20001800015508
20400118986520
20400219919840
20400320056779
20400419819518
20400518257225
20400617722067
20400719511370
20400822179956
20400922479229
20401019805793
20401117224359
20401213307234
20401310654272
20401409409940
20401508725574
20401607414559
20401704900234
20401804259173
00900100088569
00900200086870
00900300085970
00900400084670
00900500082171
00900600079272
00900700076073
00900800071475
00900900065877
00901000060379
00901100053681
00901200045484
00901300037187
00901400029590
00901500022092
00901600015195
00901700009097
00901800006348
01300100050000
01300200055000
01300300055000
01300400055000
01300500060000
01300600060000
01300700065000
01300800070000
01300900070000
01301000070000
01301100070000
01301200065000
01301300060000
01301400055000
01301500050000
01301600040000
01301700025000
01301800025000
01500101899064
01500201810433
01500301918164
01500402238952
01500502354354
01500602369841
01500702327955
01500802273087
01500902385918
01501002719909
01501102691260
01501202353090
01501302050443
01501401532940
01501501153822
01501600919338
01501700701140
01501800643070
