00500000016000
00500100064000
00500200070000
00500300070000
00500400070000
00500500070000
00500600070000
00500700070000
00500800070000
00500900070000
00501000070000
00501100070000
00501200060000
00501300050000
00501400040000
00501500030000
00501600020000
00501700010000
00501800010000
00600000024000
00600100096000
00600200100000
00600300090000
00600400090000
00600500080000
00600600080000
00600700060000
00600800060000
00600900060000
00601000060000
00601100050000
00601200040000
00601300040000
00601400030000
00601500020000
00601600010000
00601700005000
00601800005000
00700000014334
00700100055131
00700200069454
00700300068034
00700400068495
00700500075016
00700600089944
00700700092400
00700800083388
00700900076063
00701000059536
00701100047649
00701200044041
00701300042326
00701400038570
00701500029660
00701600022127
00701700013595
00701800010237
00800000012342
00800100053893
00800200067985
00800300067716
00800400067841
00800500067761
00800600072914
00800700087030
00800800088510
00800900080055
00801000071847
00801100055812
00801200044869
00801300040705
00801400037858
00801500032589
00801600023232
00801700015424
00801800011617
14100000015343
14100100064718
14100200081147
14100300089208
14100400093670
14100500088007
14100600084277
14100700077789
14100800072495
14100900066742
14101000062697
14101100055114
14101200044383
14101300035911
14101400028911
14101500019515
14101600011422
14101700005881
14101800002770
15100000020882
15100100086376
15100200087591
15100300073785
15100400070450
15100500076191
15100600081237
15100700076425
15100800074629
15100900067712
15101000060190
15101100054893
15101200048011
15101300040210
15101400033199
15101500022641
15101600014283
15101700007467
15101800003828
16100000022930
16100100090390
16100200104235
16100300093538
16100400073717
16100500060231
16100600060612
16100700066635
16100800069601
16100900064689
16101000060670
16101100053568
16101200047009
16101300039830
16101400034897
16101500026427
16101600017028
16101700008811
16101800005182
17100000017151
17100100067265
17100200098204
17100300102304
17100400093845
17100500080561
17100600066320
17100700056249
17100800054656
17100900058958
17101000059622
17101100054643
17101200049077
17101300042403
17101400034406
17101500026789
17101600018871
17101700011241
17101800007435
18100000015598
18100100056565
18100200073716
18100300080523
18100400093439
18100500094103
18100600086168
18100700077516
18100800061644
18100900051510
18101000048951
18101100051689
18101200051271
18101300044528
18101400038767
18101500030008
18101600021160
18101700012956
18101800009888
19100000012936
19100100060863
19100200072772
19100300068812
19100400071384
19100500076476
19100600085694
19100700087905
19100800080267
19100900070829
19101000055778
19101100045638
19101200042345
19101300042685
19101400040657
19101500032145
19101600024612
19101700015817
19101800012385
20100000013818
20100100055317
20100200072533
20100300073032
20100400072169
20100500066478
20100600064529
20100700071044
20100800080762
20100900081851
20101000072118
20101100062716
20101200048454
20101300038793
20101400034264
20101500031773
20101600026999
20101700017842
20101800015508
20300003794901
20300115191619
20300219919840
20300320056779
20300419819518
20300518257225
20300617722067
20300719511370
20300822179956
20300922479229
20301019805793
20301117224359
20301213307234
20301310654272
20301409409940
20301508725574
20301607414559
20301704900234
20301804259173
01000000017917
01000100070652
01000200086870
01000300085970
01000400084670
01000500082171
01000600079272
01000700076073
01000800071475
01000900065877
01001000060379
01001100053681
01001200045484
01001300037187
01001400029590
01001500022092
01001600015195
01001700009097
01001800006348
01400000010000
01400100040000
01400200055000
01400300055000
01400400055000
01400500060000
01400600060000
01400700065000
01400800070000
01400900070000
01401000070000
01401100070000
01401200065000
01401300060000
01401400055000
01401500050000
01401600040000
01401700025000
01401800025000
01600000376321
01600101522743
01600201810433
01600301918164
01600402238952
01600502354354
01600602369841
01600702327955
01600802273087
01600902385918
01601002719909
01601102691260
01601202353090
01601302050443
01601401532940
01601501153822
01601600919338
01601700701140
01601800643070
